0
0.200000000000000
0.400000000000000
0.600000000000000
0.800000000000000
1
1.20000000000000
1.40000000000000
1.60000000000000
1.80000000000000
2
2.20000000000000
2.40000000000000
2.60000000000000
2.80000000000000
3
3.20000000000000
3.40000000000000
3.60000000000000
3.80000000000000
4
4.20000000000000
4.40000000000000
4.60000000000000
4.80000000000000
5
5.20000000000000
5.40000000000000
5.60000000000000
5.80000000000000
6
6.20000000000000
6.40000000000000
6.60000000000000
6.80000000000000
7
7.20000000000000
7.40000000000000
7.60000000000000
7.80000000000000
8
8.20000000000000
8.40000000000000
8.60000000000000
8.80000000000000
9
9.20000000000000
9.40000000000000
9.60000000000000
9.80000000000000
10
10.2000000000000
10.4000000000000
10.6000000000000
10.8000000000000
11
11.2000000000000
11.4000000000000
11.6000000000000
11.8000000000000
12
12.2000000000000
12.4000000000000
12.6000000000000
12.8000000000000
13
13.2000000000000
13.4000000000000
13.6000000000000
13.8000000000000
14
14.2000000000000
14.4000000000000
14.6000000000000
14.8000000000000
15
15.2000000000000
15.4000000000000
15.6000000000000
15.8000000000000
16
16.2000000000000
16.4000000000000
16.6000000000000
16.8000000000000
17
17.2000000000000
17.4000000000000
17.6000000000000
17.8000000000000
18
18.2000000000000
18.4000000000000
18.6000000000000
18.8000000000000
19
19.2000000000000
19.4000000000000
19.6000000000000
19.8000000000000
20