5.38488902842015
7.14866272602678
0.264204373085043
6.82688811583425
5.94316675157538
10.4303499923496
9.84078539962959
12.5094421299254
8.22031066037710
9.00399271924366
15.6388670265272
0.841722687921251
9.79706797242995
6.82702775095670
12.1270759864618
18.1433963102431
19.8886357462088
11.5452817865993
15.1246504365842
19.0251243706503
17.7406831212321
21.5690927763050
22.9196547147790
17.1301922052994
21.7558486703538
12.8395270041923
30.0868085525924
22.0745461950292
20.0607501299889
25.6702765828859
20.6567656768395
28.5557119114920
26.7166750173591
41.2688935459208
36.9323269366480
19.6155674840775
35.1666346586380
26.8293106209446
33.4047241005960
36.3620203665936
40.1386701440406
35.8947652529855
46.0015007327304
36.5753142411058
41.4775606041484
44.0236706031380
41.9859429636058
46.8247639269052
44.8960656892380
40.2192690816796
35.9731332430696
55.1529647427785
43.6973495561277
48.0967986115532
51.2558347757299
49.8679849836700
45.6363689360098
48.6814270877407
51.2555502638845
60.1347924575202
49.2959215499652
58.3833423364391
56.8631156997426
55.0106997893542
51.7551362701993
56.4792952268692
58.3265485877035
52.2730246275682
61.4409112243539
57.2285336185491
61.7287970602014
64.7410667047712
59.3967297037658
63.3387181939715
67.3903137876709
57.3207042874785
72.5398795412274
80.3423057246968
73.8770025470399
68.3611400249530
72.9431133992970
66.4800761074330
81.9093273024793
78.0835220167607
78.1767288996762
70.7206286902166
77.5597456719117
74.0285285757455
76.1228529072655
75.6899504167891
74.2713319218564
75.7162720656284
80.0705133297220
73.4856795791370
85.8780028792304
83.1110085536602
88.0558016682208
86.7682432085830
88.7514352768971
79.7243948874205
82.8986780715852